0000 0000 0000 0000 0000 0000 0000 0000
0000 0000 0000 0000 0000 0000 0111 0001-----源数'q'
1111 1111 1111 1111 1111 1111 1000 1110-----~'q'
1111 1111 1111 1111 1100 0111 1000 0000-----~'q' << 6---------->整数的-7296

对1111 1111 1111 1111 1100 0111 1000 0000求补:
先取反，再+1
0000 0000 0000 0000 0011 1000 0111 1111-----取反
0000 0000 0000 0000 0011 1000 1000 0000-----+1---------->整数的7296


在位运算符中，运算符~的优先级高于<<，因此先对q 按位求反，因为位运算符
的运算对象应该是整数类型，所以字符'q'首先转换为整数类型。如题所示，char 占
8 位而int 占32 位，所以字符'q'转换后得到00000000 0000000 00000000 01110001，
按位求反得到11111111 11111111 11111111 10001110；接着执行移位操作，得到
11111111 11111111 11100011 10000000。
C++规定整数按照其补码形式存储，对上式求补，得到10000000 0000000------->答案这一步错了
00011100 10000000，即最终结果的二进制形式，转换成十进制形式是-7296。